 &plot nbnd=  10, nks=   161 /
            0.000000  0.000000  0.000000
   -5.875    6.180    6.180    6.180    8.720    8.720    8.720    9.503   13.917   13.943
            0.000000  0.000000  0.025000
   -5.872    6.160    6.167    6.167    8.713    8.736    8.736    9.522   13.919   13.930
            0.000000  0.000000  0.050000
   -5.864    6.104    6.132    6.132    8.691    8.781    8.781    9.577   13.848   13.955
            0.000000  0.000000  0.075000
   -5.850    6.015    6.075    6.075    8.656    8.855    8.855    9.664   13.738   13.970
            0.000000  0.000000  0.100000
   -5.831    5.897    6.000    6.000    8.608    8.953    8.953    9.776   13.596   13.992
            0.000000  0.000000  0.125000
   -5.806    5.755    5.911    5.911    8.548    9.072    9.072    9.907   13.433   14.019
            0.000000  0.000000  0.150000
   -5.775    5.595    5.812    5.812    8.480    9.208    9.208   10.050   13.258   14.053
            0.000000  0.000000  0.175000
   -5.739    5.421    5.705    5.705    8.402    9.358    9.358   10.196   13.081   14.092
            0.000000  0.000000  0.200000
   -5.698    5.234    5.593    5.593    8.319    9.520    9.520   10.334   12.915   14.138
            0.000000  0.000000  0.225000
   -5.651    5.039    5.477    5.477    8.230    9.692    9.692   10.453   12.772   14.190
            0.000000  0.000000  0.250000
   -5.599    4.837    5.359    5.359    8.137    9.872    9.872   10.537   12.670   14.248
            0.000000  0.000000  0.275000
   -5.541    4.630    5.241    5.241    8.042   10.059   10.059   10.572   12.624   14.312
            0.000000  0.000000  0.300000
   -5.478    4.418    5.124    5.124    7.946   10.252   10.252   10.547   12.644   14.382
            0.000000  0.000000  0.325000
   -5.410    4.203    5.007    5.007    7.849   10.450   10.450   10.465   12.728   14.458
            0.000000  0.000000  0.350000
   -5.336    3.985    4.892    4.892    7.753   10.338   10.652   10.652   12.866   14.540
            0.000000  0.000000  0.375000
   -5.256    3.765    4.780    4.780    7.658   10.179   10.858   10.858   13.044   14.628
            0.000000  0.000000  0.400000
   -5.172    3.543    4.670    4.670    7.565   10.001   11.067   11.067   13.249   14.722
            0.000000  0.000000  0.425000
   -5.082    3.320    4.564    4.564    7.474    9.812   11.280   11.280   13.474   14.823
            0.000000  0.000000  0.450000
   -4.987    3.096    4.460    4.460    7.386    9.617   11.495   11.495   13.713   14.929
            0.000000  0.000000  0.475000
   -4.887    2.872    4.360    4.360    7.302    9.421   11.712   11.712   13.962   15.041
            0.000000  0.000000  0.500000
   -4.781    2.646    4.264    4.264    7.221    9.227   11.931   11.931   14.218   15.160
            0.000000  0.000000  0.525000
   -4.671    2.421    4.172    4.172    7.144    9.036   12.152   12.152   14.479   15.284
            0.000000  0.000000  0.550000
   -4.555    2.195    4.085    4.085    7.072    8.849   12.376   12.376   14.743   15.415
            0.000000  0.000000  0.575000
   -4.434    1.969    4.001    4.001    7.005    8.669   12.600   12.600   15.010   15.551
            0.000000  0.000000  0.600000
   -4.309    1.743    3.921    3.921    6.943    8.495   12.826   12.826   15.277   15.694
            0.000000  0.000000  0.625000
   -4.178    1.518    3.847    3.847    6.886    8.327   13.054   13.054   15.545   15.842
            0.000000  0.000000  0.650000
   -4.043    1.294    3.776    3.776    6.834    8.168   13.283   13.283   15.813   15.997
            0.000000  0.000000  0.675000
   -3.903    1.070    3.710    3.710    6.788    8.016   13.514   13.514   16.079   16.157
            0.000000  0.000000  0.700000
   -3.758    0.847    3.649    3.649    6.748    7.871   13.745   13.745   16.323   16.343
            0.000000  0.000000  0.725000
   -3.608    0.625    3.593    3.593    6.714    7.735   13.978   13.978   16.495   16.606
            0.000000  0.000000  0.750000
   -3.454    0.405    3.541    3.541    6.686    7.607   14.212   14.212   16.673   16.865
            0.000000  0.000000  0.775000
   -3.296    0.186    3.494    3.494    6.664    7.487   14.446   14.446   16.857   17.121
            0.000000  0.000000  0.800000
   -3.133   -0.032    3.452    3.452    6.649    7.376   14.682   14.682   17.047   17.373
            0.000000  0.000000  0.825000
   -2.966   -0.247    3.415    3.415    6.640    7.272   14.917   14.917   17.243   17.620
            0.000000  0.000000  0.850000
   -2.795   -0.460    3.383    3.383    6.637    7.177   15.152   15.152   17.444   17.862
            0.000000  0.000000  0.875000
   -2.619   -0.671    3.355    3.355    6.642    7.090   15.386   15.386   17.652   18.062
            0.000000  0.000000  0.900000
   -2.440   -0.880    3.333    3.333    6.654    7.011   15.615   15.615   17.827   17.827
            0.000000  0.000000  0.925000
   -2.257   -1.086    3.316    3.316    6.672    6.939   15.836   15.836   17.601   17.601
            0.000000  0.000000  0.950000
   -2.070   -1.289    3.303    3.303    6.698    6.876   16.039   16.039   17.394   17.394
            0.000000  0.000000  0.975000
   -1.880   -1.489    3.296    3.296    6.731    6.820   16.199   16.199   17.231   17.231
            0.000000  0.000000  1.000000
   -1.686   -1.686    3.293    3.293    6.772    6.772   16.265   16.265   17.164   17.164
           -0.000000  0.012500  1.000000
   -1.686   -1.686    3.291    3.291    6.776    6.776   16.259   16.259   17.154   17.154
           -0.000000  0.025000  1.000000
   -1.685   -1.685    3.284    3.284    6.788    6.788   16.241   16.241   17.126   17.126
            0.000000  0.037500  1.000000
   -1.684   -1.684    3.273    3.273    6.807    6.807   16.209   16.209   17.085   17.085
            0.000000  0.050000  1.000000
   -1.682   -1.682    3.258    3.258    6.835    6.835   16.163   16.163   17.036   17.036
            0.000000  0.062500  1.000000
   -1.680   -1.680    3.239    3.239    6.869    6.869   16.101   16.101   16.986   16.986
           -0.000000  0.075000  1.000000
   -1.677   -1.677    3.217    3.217    6.911    6.911   16.022   16.022   16.939   16.939
           -0.000000  0.087500  1.000000
   -1.674   -1.674    3.190    3.190    6.959    6.959   15.927   15.927   16.898   16.898
            0.000000  0.100000  1.000000
   -1.671   -1.671    3.161    3.161    7.014    7.014   15.818   15.818   16.864   16.864
            0.000000  0.112500  1.000000
   -1.667   -1.667    3.130    3.130    7.076    7.076   15.696   15.696   16.837   16.837
            0.000000  0.125000  1.000000
   -1.663   -1.663    3.096    3.096    7.142    7.142   15.564   15.564   16.815   16.815
           -0.000000  0.137500  1.000000
   -1.658   -1.658    3.060    3.060    7.215    7.215   15.424   15.424   16.798   16.798
           -0.000000  0.150000  1.000000
   -1.653   -1.653    3.023    3.023    7.292    7.292   15.278   15.278   16.784   16.784
            0.000000  0.162500  1.000000
   -1.648   -1.648    2.984    2.984    7.375    7.375   15.127   15.127   16.774   16.774
            0.000000  0.175000  1.000000
   -1.642   -1.642    2.944    2.944    7.462    7.462   14.973   14.973   16.766   16.766
            0.000000  0.187500  1.000000
   -1.636   -1.636    2.904    2.904    7.553    7.553   14.815   14.815   16.760   16.760
           -0.000000  0.200000  1.000000
   -1.630   -1.630    2.863    2.863    7.648    7.648   14.656   14.656   16.755   16.755
           -0.000000  0.212500  1.000000
   -1.624   -1.624    2.822    2.822    7.746    7.746   14.494   14.494   16.751   16.751
            0.000000  0.225000  1.000000
   -1.617   -1.617    2.782    2.782    7.849    7.849   14.332   14.332   16.748   16.748
            0.000000  0.237500  1.000000
   -1.611   -1.611    2.741    2.741    7.954    7.954   14.169   14.169   16.746   16.746
            0.000000  0.250000  1.000000
   -1.604   -1.604    2.702    2.702    8.063    8.063   14.005   14.005   16.744   16.744
           -0.000000  0.262500  1.000000
   -1.597   -1.597    2.663    2.663    8.174    8.174   13.841   13.841   16.743   16.743
           -0.000000  0.275000  1.000000
   -1.591   -1.591    2.625    2.625    8.288    8.288   13.677   13.677   16.743   16.743
            0.000000  0.287500  1.000000
   -1.584   -1.584    2.588    2.588    8.405    8.405   13.513   13.513   16.742   16.742
            0.000000  0.300000  1.000000
   -1.577   -1.577    2.552    2.552    8.524    8.524   13.349   13.349   16.742   16.742
            0.000000  0.312500  1.000000
   -1.571   -1.571    2.518    2.518    8.646    8.646   13.186   13.186   16.742   16.742
           -0.000000  0.325000  1.000000
   -1.564   -1.564    2.485    2.485    8.769    8.769   13.024   13.024   16.743   16.743
           -0.000000  0.337500  1.000000
   -1.558   -1.558    2.454    2.454    8.894    8.894   12.863   12.863   16.743   16.743
            0.000000  0.350000  1.000000
   -1.552   -1.552    2.425    2.425    9.021    9.021   12.702   12.702   16.743   16.743
            0.000000  0.362500  1.000000
   -1.546   -1.546    2.398    2.398    9.150    9.150   12.543   12.543   16.744   16.744
            0.000000  0.375000  1.000000
   -1.541   -1.541    2.373    2.373    9.280    9.280   12.385   12.385   16.745   16.745
           -0.000000  0.387500  1.000000
   -1.536   -1.536    2.350    2.350    9.411    9.411   12.229   12.229   16.745   16.745
           -0.000000  0.400000  1.000000
   -1.532   -1.532    2.329    2.329    9.542    9.542   12.075   12.075   16.746   16.746
            0.000000  0.412500  1.000000
   -1.527   -1.527    2.311    2.311    9.673    9.673   11.923   11.923   16.746   16.746
            0.000000  0.425000  1.000000
   -1.524   -1.524    2.294    2.294    9.804    9.804   11.775   11.775   16.747   16.747
            0.000000  0.437500  1.000000
   -1.521   -1.521    2.281    2.281    9.933    9.933   11.632   11.632   16.747   16.747
           -0.000000  0.450000  1.000000
   -1.518   -1.518    2.269    2.269   10.057   10.057   11.495   11.495   16.747   16.747
           -0.000000  0.462500  1.000000
   -1.516   -1.516    2.260    2.260   10.174   10.174   11.370   11.370   16.748   16.748
            0.000000  0.475000  1.000000
   -1.515   -1.515    2.254    2.254   10.275   10.275   11.262   11.262   16.748   16.748
            0.000000  0.487500  1.000000
   -1.514   -1.514    2.250    2.250   10.348   10.348   11.185   11.185   16.748   16.748
            0.000000  0.500000  1.000000
   -1.513   -1.513    2.249    2.249   10.375   10.375   11.156   11.156   16.748   16.748
           -0.018750  0.506250  0.975000
   -1.658   -1.371    2.146    2.368   10.233   10.458   11.086   11.305   16.455   16.979
           -0.037500  0.512500  0.950000
   -1.802   -1.236    2.062    2.502   10.043   10.480   11.120   11.494   16.110   17.140
           -0.056250  0.518750  0.925000
   -1.945   -1.110    1.998    2.649    9.831   10.459   11.228   11.709   15.724   17.230
           -0.075000  0.525000  0.900000
   -2.083   -0.996    1.959    2.806    9.615   10.423   11.375   11.944   15.310   17.249
           -0.093750  0.531250  0.875000
   -2.218   -0.897    1.946    2.972    9.402   10.384   11.542   12.195   14.876   17.205
           -0.112500  0.537500  0.850000
   -2.347   -0.815    1.962    3.143    9.198   10.347   11.722   12.457   14.432   17.111
           -0.131250  0.543750  0.825000
   -2.470   -0.752    2.010    3.319    9.007   10.316   11.911   12.729   13.983   16.980
           -0.150000  0.550000  0.800000
   -2.586   -0.707    2.087    3.496    8.831   10.289   12.109   13.005   13.538   16.824
           -0.168750  0.556250  0.775000
   -2.696   -0.680    2.193    3.672    8.674   10.266   12.311   13.055   13.331   16.649
           -0.187500  0.562500  0.750000
   -2.798   -0.668    2.325    3.842    8.537   10.248   12.488   12.663   13.608   16.461
           -0.206250  0.568750  0.725000
   -2.893   -0.668    2.478    4.004    8.424   10.232   12.176   12.757   13.902   16.264
           -0.225000  0.575000  0.700000
   -2.979   -0.676    2.650    4.154    8.338   10.216   11.758   12.973   14.198   16.064
           -0.243750  0.581250  0.675000
   -3.058   -0.691    2.835    4.288    8.281   10.197   11.353   13.195   14.484   15.870
           -0.262500  0.587500  0.650000
   -3.128   -0.710    3.029    4.403    8.255   10.166   10.974   13.417   14.744   15.702
           -0.281250  0.593750  0.625000
   -3.190   -0.729    3.228    4.497    8.261   10.100   10.646   13.634   14.931   15.608
           -0.300000  0.600000  0.600000
   -3.243   -0.749    3.424    4.568    8.295    9.954   10.421   13.839   14.979   15.653
           -0.318750  0.606250  0.575000
   -3.287   -0.767    3.612    4.620    8.350    9.726   10.307   14.015   14.934   15.790
           -0.337500  0.612500  0.550000
   -3.323   -0.783    3.782    4.657    8.409    9.499   10.238   14.138   14.905   15.917
           -0.356250  0.618750  0.525000
   -3.350   -0.795    3.921    4.685    8.442    9.341   10.177   14.187   14.942   15.996
           -0.375000  0.625000  0.500000
   -3.368   -0.804    4.017    4.711    8.422    9.295   10.111   14.182   15.029   16.033
           -0.393750  0.631250  0.475000
   -3.378   -0.808    4.062    4.735    8.362    9.350   10.042   14.160   15.116   16.045
           -0.412500  0.637500  0.450000
   -3.378   -0.808    4.055    4.749    8.313    9.448    9.986   14.146   15.162   16.035
           -0.431250  0.643750  0.425000
   -3.369   -0.804    4.006    4.742    8.309    9.507    9.991   14.145   15.138   16.001
           -0.450000  0.650000  0.400000
   -3.352   -0.796    3.920    4.705    8.366    9.471   10.103   14.158   15.026   15.966
           -0.468750  0.656250  0.375000
   -3.326   -0.784    3.802    4.644    8.479    9.374   10.285   14.177   14.829   15.964
           -0.487500  0.662500  0.350000
   -3.290   -0.768    3.654    4.567    8.626    9.269   10.498   14.192   14.578   16.000
           -0.506250  0.668750  0.325000
   -3.247   -0.750    3.481    4.484    8.737    9.235   10.726   14.152   14.344   16.061
           -0.525000  0.675000  0.300000
   -3.194   -0.730    3.288    4.402    8.709    9.372   10.961   13.913   14.286   16.117
           -0.543750  0.681250  0.275000
   -3.133   -0.710    3.081    4.323    8.587    9.633   11.201   13.603   14.285   16.134
           -0.562500  0.687500  0.250000
   -3.063   -0.692    2.869    4.250    8.437    9.948   11.444   13.285   14.287   16.084
           -0.581250  0.693750  0.225000
   -2.986   -0.678    2.657    4.182    8.281   10.293   11.687   12.969   14.287   15.972
           -0.600000  0.700000  0.200000
   -2.900   -0.670    2.454    4.120    8.128   10.656   11.925   12.667   14.287   15.819
           -0.618750  0.706250  0.175000
   -2.807   -0.672    2.267    4.061    7.980   11.026   12.114   12.431   14.287   15.642
           -0.637500  0.712500  0.150000
   -2.707   -0.688    2.102    4.006    7.841   11.374   12.029   12.513   14.289   15.456
           -0.656250  0.718750  0.125000
   -2.602   -0.722    1.964    3.955    7.713   11.500   12.031   12.749   14.294   15.266
           -0.675000  0.725000  0.100000
   -2.491   -0.774    1.860    3.905    7.597   11.300   12.355   13.005   14.304   15.079
           -0.693750  0.731250  0.075000
   -2.379   -0.845    1.791    3.858    7.495   11.036   12.741   13.271   14.322   14.900
           -0.712500  0.737500  0.050000
   -2.269   -0.930    1.758    3.813    7.407   10.767   13.117   13.554   14.346   14.742
           -0.731250  0.743750  0.025000
   -2.169   -1.019    1.759    3.769    7.334   10.502   13.432   13.869   14.362   14.643
           -0.750000  0.750000  0.000000
   -2.094   -1.093    1.790    3.726    7.277   10.245   13.645   14.159   14.377   14.691
           -0.731250  0.731250  0.000000
   -2.184   -1.001    1.732    3.791    7.353   10.627   13.414   13.924   14.191   14.490
           -0.712500  0.712500  0.000000
   -2.284   -0.903    1.694    3.860    7.434   11.011   13.187   13.699   14.007   14.294
           -0.693750  0.693750  0.000000
   -2.393   -0.798    1.674    3.932    7.519   11.394   12.965   13.488   13.826   14.104
           -0.675000  0.675000  0.000000
   -2.511   -0.686    1.672    4.009    7.609   11.765   12.746   13.300   13.649   13.920
           -0.656250  0.656250  0.000000
   -2.637   -0.568    1.688    4.088    7.702   12.091   12.533   13.166   13.475   13.744
           -0.637500  0.637500  0.000000
   -2.768   -0.444    1.720    4.171    7.799   12.291   12.324   13.169   13.307   13.575
           -0.618750  0.618750  0.000000
   -2.905   -0.313    1.768    4.256    7.898   12.120   12.288   13.143   13.382   13.414
           -0.600000  0.600000  0.000000
   -3.044   -0.176    1.829    4.344    8.001   11.922   12.167   12.986   13.262   13.720
           -0.581250  0.581250  0.000000
   -3.187   -0.032    1.904    4.434    8.105   11.729   12.006   12.835   13.118   14.103
           -0.562500  0.562500  0.000000
   -3.330    0.118    1.990    4.525    8.211   11.541   11.833   12.691   12.983   14.500
           -0.543750  0.543750  0.000000
   -3.474    0.274    2.087    4.619    8.317   11.360   11.658   12.555   12.858   14.898
           -0.525000  0.525000  0.000000
   -3.617    0.436    2.195    4.713    8.423   11.183   11.485   12.427   12.743   15.287
           -0.506250  0.506250  0.000000
   -3.759    0.605    2.312    4.807    8.528   11.013   11.314   12.309   12.639   15.657
           -0.487500  0.487500  0.000000
   -3.899    0.779    2.437    4.902    8.630   10.848   11.148   12.202   12.546   15.998
           -0.468750  0.468750  0.000000
   -4.036    0.960    2.571    4.996    8.728   10.689   10.987   12.105   12.465   16.295
           -0.450000  0.450000  0.000000
   -4.170    1.146    2.712    5.089    8.821   10.536   10.830   12.021   12.396   16.530
           -0.431250  0.431250  0.000000
   -4.301    1.339    2.859    5.181    8.906   10.389   10.679   11.950   12.339   16.692
           -0.412500  0.412500  0.000000
   -4.428    1.537    3.013    5.270    8.983   10.248   10.533   11.892   12.295   16.777
           -0.393750  0.393750  0.000000
   -4.550    1.741    3.173    5.357    9.051   10.113   10.393   11.848   12.265   16.793
           -0.375000  0.375000  0.000000
   -4.669    1.950    3.337    5.440    9.107    9.985   10.258   11.817   12.249   16.428
           -0.356250  0.356250  0.000000
   -4.782    2.165    3.506    5.520    9.151    9.862   10.128   11.799   12.247   16.034
           -0.337500  0.337500  0.000000
   -4.891    2.384    3.679    5.596    9.183    9.745   10.004   11.789   12.259   15.655
           -0.318750  0.318750  0.000000
   -4.995    2.609    3.855    5.667    9.204    9.635    9.885   11.784   12.286   15.293
           -0.300000  0.300000  0.000000
   -5.093    2.839    4.034    5.734    9.213    9.531    9.772   11.778   12.328   14.954
           -0.281250  0.281250  0.000000
   -5.186    3.073    4.214    5.796    9.214    9.433    9.663   11.762   12.384   14.645
           -0.262500  0.262500  0.000000
   -5.273    3.312    4.395    5.852    9.206    9.341    9.560   11.727   12.454   14.374
           -0.243750  0.243750  0.000000
   -5.355    3.554    4.577    5.904    9.191    9.256    9.462   11.660   12.538   14.149
           -0.225000  0.225000  0.000000
   -5.431    3.799    4.757    5.950    9.172    9.177    9.369   11.555   12.635   13.978
           -0.206250  0.206250  0.000000
   -5.501    4.047    4.935    5.991    9.104    9.148    9.281   11.406   12.743   13.861
           -0.187500  0.187500  0.000000
   -5.566    4.297    5.110    6.027    9.037    9.121    9.198   11.218   12.863   13.795
           -0.168750  0.168750  0.000000
   -5.624    4.546    5.278    6.059    8.977    9.092    9.120   11.000   12.991   13.768
           -0.150000  0.150000  0.000000
   -5.677    4.795    5.440    6.086    8.923    9.046    9.060   10.763   13.126   13.769
           -0.131250  0.131250  0.000000
   -5.723    5.040    5.593    6.110    8.876    8.979    9.026   10.520   13.265   13.788
           -0.112500  0.112500  0.000000
   -5.763    5.279    5.734    6.129    8.834    8.917    8.988   10.281   13.405   13.817
           -0.093750  0.093750  0.000000
   -5.797    5.507    5.860    6.145    8.799    8.861    8.945   10.058   13.541   13.848
           -0.075000  0.075000  0.000000
   -5.825    5.717    5.970    6.158    8.771    8.813    8.895    9.862   13.668   13.879
           -0.056250  0.056250  0.000000
   -5.847    5.902    6.059    6.167    8.749    8.774    8.838    9.703   13.779   13.906
           -0.037500  0.037500  0.000000
   -5.862    6.049    6.125    6.174    8.733    8.744    8.781    9.591   13.867   13.926
           -0.018750  0.018750  0.000000
   -5.872    6.146    6.166    6.178    8.723    8.726    8.737    9.525   13.923   13.931
            0.000000  0.000000  0.000000
   -5.875    6.180    6.180    6.180    8.720    8.720    8.720    9.503   13.917   13.943
